OFF
4 225 0 0
2.43383406 -3.21913276 8.79266235 9.39172730 
-2.90593570 -2.80033956 8.79266235 9.39172730 
-2.39158228 3.25064580 8.79266235 9.39172730 
-4.02166043 -0.33557606 8.79266235 9.39172730 
-3.29163488 2.33484556 8.79266235 9.39172730 
3.58458416 1.85394722 8.79266235 9.39172730 
0.25552156 4.02753928 8.79266235 9.39172730 
2.88360763 2.82332622 8.79266235 9.39172730 
1.62812374 3.69263822 8.79266235 9.39172730 
0.25460113 4.02759757 8.79266235 9.39172730 
-3.50255115 2.00461950 8.79266235 9.39172730 
3.84081733 1.23874378 8.79266235 9.39172730 
3.30490295 -2.31602687 8.79266235 9.39172730 
3.79522173 -1.37209911 8.79266235 9.39172730 
-4.02898974 0.23152884 8.79266235 9.39172730 
2.76672899 -3.65943926 8.79266235 9.39172730 
-3.30340374 -3.18336437 8.79266235 9.39172730 
-2.71869810 3.69526260 8.79266235 9.39172730 
-4.57173506 -0.38147548 8.79266235 9.39172730 
-3.74185808 2.65420104 8.79266235 9.39172730 
4.07487638 2.10752640 8.79266235 9.39172730 
0.29047129 4.57841801 8.79266235 9.39172730 
3.27802169 3.20949511 8.79266235 9.39172730 
1.85081523 4.19770985 8.79266235 9.39172730 
0.28942496 4.57848427 8.79266235 9.39172730 
-3.98162306 2.27880733 8.79266235 9.39172730 
4.36615661 1.40817666 8.79266235 9.39172730 
3.75694093 -2.63280837 8.79266235 9.39172730 
4.31432452 -1.55977207 8.79266235 9.39172730 
-4.58006686 0.26319689 8.79266235 9.39172730 
-0.25609458 0.33872583 8.79266235 9.39172730 
0.30577039 0.29465928 8.79266235 9.39172730 
0.25164874 -0.34204172 8.79266235 9.39172730 
0.42316996 0.03531022 8.79266235 9.39172730 
0.34635470 -0.24567875 8.79266235 9.39172730 
-0.37717961 -0.19507733 8.79266235 9.39172730 
-0.02688667 -0.42378855 8.79266235 9.39172730 
-0.30342097 -0.29707800 8.79266235 9.39172730 
-0.17131557 -0.38854935 8.79266235 9.39172730 
-0.02678982 -0.42379468 8.79266235 9.39172730 
0.36854788 -0.21093147 8.79266235 9.39172730 
-0.40414116 -0.13034396 8.79266235 9.39172730 
-0.34775080 0.24369859 8.79266235 9.39172730 
-0.39934347 0.14437597 8.79266235 9.39172730 
0.42394117 -0.02436209 8.79266235 9.39172730 
1.09403725 -1.44703832 8.79266235 9.39172730 
-1.30625253 -1.25878581 8.79266235 9.39172730 
-1.07504457 1.46120380 8.79266235 9.39172730 
-1.80778401 -0.15084542 8.79266235 9.39172730 
-1.47962888 1.04954074 8.79266235 9.39172730 
1.61131305 0.83337124 8.79266235 9.39172730 
0.11485997 1.81042663 8.79266235 9.39172730 
1.29621580 1.26911859 8.79266235 9.39172730 
0.73186091 1.65988463 8.79266235 9.39172730 
0.11444623 1.81045283 8.79266235 9.39172730 
-1.57443824 0.90110022 8.79266235 9.39172730 
1.72649290 0.55683001 8.79266235 9.39172730 
1.48559303 -1.04108152 8.79266235 9.39172730 
1.70599713 -0.61677481 8.79266235 9.39172730 
-1.81107862 0.10407496 8.79266235 9.39172730 
1.76600237 -2.33581910 8.79266235 9.39172730 
-2.10856172 -2.03194062 8.79266235 9.39172730 
-1.73534426 2.35868512 8.79266235 9.39172730 
-2.91813726 -0.24349570 8.79266235 9.39172730 
-2.38842700 1.69417581 8.79266235 9.39172730 
2.60099250 1.34523353 8.79266235 9.39172730 
0.18540775 2.92240298 8.79266235 9.39172730 
2.09236036 2.04861986 8.79266235 9.39172730 
1.18137487 2.67939707 8.79266235 9.39172730 
0.18473988 2.92244528 8.79266235 9.39172730 
-2.54146893 1.45456211 8.79266235 9.39172730 
2.78691659 0.89883879 8.79266235 9.39172730 
2.39805438 -1.68052087 8.79266235 9.39172730 
2.75383218 -0.99560209 8.79266235 9.39172730 
-2.92345544 0.16799851 8.79266235 9.39172730 
-0.43767178 0.57889056 8.79266235 9.39172730 
0.52256893 0.50357977 8.79266235 9.39172730 
0.43007372 -0.58455749 8.79266235 9.39172730 
0.72320760 0.06034601 8.79266235 9.39172730 
0.59192848 -0.41987087 8.79266235 9.39172730 
-0.64460900 -0.33339183 8.79266235 9.39172730 
-0.04594996 -0.72426478 8.79266235 9.39172730 
-0.51855371 -0.50771342 8.79266235 9.39172730 
-0.29278242 -0.66404015 8.79266235 9.39172730 
-0.04578444 -0.72427526 8.79266235 9.39172730 
0.62985716 -0.36048694 8.79266235 9.39172730 
-0.69068692 -0.22276095 8.79266235 9.39172730 
-0.59431445 0.41648674 8.79266235 9.39172730 
-0.68248755 0.24674199 8.79266235 9.39172730 
0.72452561 -0.04163539 8.79266235 9.39172730 
2.73770883 -3.62105549 8.79266235 9.39172730 
-3.26875442 -3.14997414 8.79266235 9.39172730 
-2.69018174 3.65650308 8.79266235 9.39172730 
-4.52378224 -0.37747419 8.79266235 9.39172730 
-3.70260982 2.62636119 8.79266235 9.39172730 
4.03213510 2.08542060 8.79266235 9.39172730 
0.28742454 4.53039509 8.79266235 9.39172730 
3.24363860 3.17583079 8.79266235 9.39172730 
1.83140208 4.15368017 8.79266235 9.39172730 
0.28638919 4.53046066 8.79266235 9.39172730 
-3.93985991 2.25490497 8.79266235 9.39172730 
4.32036009 1.39340633 8.79266235 9.39172730 
3.71753446 -2.60519290 8.79266235 9.39172730 
4.26907168 -1.54341166 8.79266235 9.39172730 
-4.53202665 0.26043623 8.79266235 9.39172730 
1.95746505 -2.58905896 8.79266235 9.39172730 
-2.33716328 -2.25223523 8.79266235 9.39172730 
-1.92348313 2.61440402 8.79266235 9.39172730 
-3.23450965 -0.26989450 8.79266235 9.39172730 
-2.64737040 1.87785136 8.79266235 9.39172730 
2.88298136 1.49107820 8.79266235 9.39172730 
0.20550889 3.23923785 8.79266235 9.39172730 
2.31920543 2.27072277 8.79266235 9.39172730 
1.30945465 2.96988624 8.79266235 9.39172730 
0.20476861 3.23928473 8.79266235 9.39172730 
-2.81700449 1.61225972 8.79266235 9.39172730 
3.08906258 0.99628718 8.79266235 9.39172730 
2.65804154 -1.86271601 8.79266235 9.39172730 
3.05239130 -1.10354116 8.79266235 9.39172730 
-3.24040441 0.18621221 8.79266235 9.39172730 
1.04945756 -1.38807459 8.79266235 9.39172730 
-1.25302552 -1.20749297 8.79266235 9.39172730 
-1.03123880 1.40166286 8.79266235 9.39172730 
-1.73412067 -0.14469879 8.79266235 9.39172730 
-1.41933715 1.00677419 8.79266235 9.39172730 
1.54565548 0.79941314 8.79266235 9.39172730 
0.11017967 1.73665560 8.79266235 9.39172730 
1.24339776 1.21740471 8.79266235 9.39172730 
0.70203914 1.59224787 8.79266235 9.39172730 
0.10978279 1.73668073 8.79266235 9.39172730 
-1.51028324 0.86438230 8.79266235 9.39172730 
1.65614199 0.53414037 8.79266235 9.39172730 
1.42505828 -0.99865966 8.79266235 9.39172730 
1.63648138 -0.59164255 8.79266235 9.39172730 
-1.73728103 0.09983413 8.79266235 9.39172730 
2.31022944 -3.05564598 8.79266235 9.39172730 
-2.75835494 -2.65812160 8.79266235 9.39172730 
-2.27012346 3.08555860 8.79266235 9.39172730 
-3.81741651 -0.31853351 8.79266235 9.39172730 
-3.12446601 2.21626816 8.79266235 9.39172730 
3.40253758 1.75979272 8.79266235 9.39172730 
0.24254465 3.82299680 8.79266235 9.39172730 
2.73716082 2.67994086 8.79266235 9.39172730 
1.54543790 3.50510401 8.79266235 9.39172730 
0.24167097 3.82305212 8.79266235 9.39172730 
-3.32467070 1.90281296 8.79266235 9.39172730 
3.64575770 1.17583298 8.79266235 9.39172730 
3.13706025 -2.19840520 8.79266235 9.39172730 
3.60247771 -1.30241573 8.79266235 9.39172730 
-3.82437359 0.21977043 8.79266235 9.39172730 
2.39351515 -3.16580459 8.79266235 9.39172730 
-2.85779595 -2.75394912 8.79266235 9.39172730 
-2.35196332 3.19679558 8.79266235 9.39172730 
-3.95503758 -0.33001691 8.79266235 9.39172730 
-3.23710563 2.29616649 8.79266235 9.39172730 
3.52520192 1.82323472 8.79266235 9.39172730 
0.25128859 3.96081904 8.79266235 9.39172730 
2.83583777 2.77655498 8.79266235 9.39172730 
1.60115224 3.63146595 8.79266235 9.39172730 
0.25038341 3.96087637 8.79266235 9.39172730 
-3.44452787 1.97141097 8.79266235 9.39172730 
3.77719033 1.21822274 8.79266235 9.39172730 
3.25015391 -2.27765956 8.79266235 9.39172730 
3.73235006 -1.34936891 8.79266235 9.39172730 
-3.96224547 0.22769333 8.79266235 9.39172730 
2.43881477 -3.22572054 8.79266235 9.39172730 
-2.91188254 -2.80607030 8.79266235 9.39172730 
-2.39647653 3.25729807 8.79266235 9.39172730 
-4.02989054 -0.33626280 8.79266235 9.39172730 
-3.29837103 2.33962369 8.79266235 9.39172730 
3.59191982 1.85774122 8.79266235 9.39172730 
0.25604447 4.03578142 8.79266235 9.39172730 
2.88950878 2.82910400 8.79266235 9.39172730 
1.63145561 3.70019500 8.79266235 9.39172730 
0.25512216 4.03583983 8.79266235 9.39172730 
-3.50971893 2.00872185 8.79266235 9.39172730 
3.84867736 1.24127880 8.79266235 9.39172730 
3.31166625 -2.32076649 8.79266235 9.39172730 
3.80298844 -1.37490704 8.79266235 9.39172730 
-4.03723485 0.23200265 8.79266235 9.39172730 
-0.38090767 0.50381099 8.79266235 9.39172730 
0.45479403 0.43826768 8.79266235 9.39172730 
0.37429505 -0.50874295 8.79266235 9.39172730 
0.62941074 0.05251940 8.79266235 9.39172730 
0.51515795 -0.36541545 8.79266235 9.39172730 
-0.56100603 -0.29015237 8.79266235 9.39172730 
-0.03999045 -0.63033081 8.79266235 9.39172730 
-0.45129957 -0.44186521 8.79266235 9.39172730 
-0.25480982 -0.57791706 8.79266235 9.39172730 
-0.03984640 -0.63033993 8.79266235 9.39172730 
0.54816744 -0.31373336 8.79266235 9.39172730 
-0.60110786 -0.19386983 8.79266235 9.39172730 
-0.51723447 0.36247023 8.79266235 9.39172730 
-0.59397191 0.21474064 8.79266235 9.39172730 
0.63055782 -0.03623547 8.79266235 9.39172730 
-0.51502462 0.68120200 8.79266235 9.39172730 
0.61492625 0.59258100 8.79266235 9.39172730 
0.50608371 -0.68787049 8.79266235 9.39172730 
0.85102522 0.07101139 8.79266235 9.39172730 
0.69654421 -0.49407763 8.79266235 9.39172730 
-0.75853533 -0.39231453 8.79266235 9.39172730 
-0.05407102 -0.85226924 8.79266235 9.39172730 
-0.61020140 -0.59744522 8.79266235 9.39172730 
-0.34452793 -0.78140069 8.79266235 9.39172730 
-0.05387625 -0.85228158 8.79266235 9.39172730 
0.74117629 -0.42419836 8.79266235 9.39172730 
-0.81275693 -0.26213108 8.79266235 9.39172730 
-0.69935187 0.49009540 8.79266235 9.39172730 
-0.80310843 0.29035046 8.79266235 9.39172730 
0.85257617 -0.04899391 8.79266235 9.39172730 
2.31548310 -3.06259478 8.79266235 9.39172730 
-2.76462768 -2.66416640 8.79266235 9.39172730 
-2.27528592 3.09257543 8.79266235 9.39172730 
-3.82609765 -0.31925788 8.79266235 9.39172730 
-3.13157131 2.22130815 8.79266235 9.39172730 
3.41027525 1.76379464 8.79266235 9.39172730 
0.24309622 3.83169062 8.79266235 9.39172730 
2.74338536 2.68603528 8.79266235 9.39172730 
1.54895236 3.51307492 8.79266235 9.39172730 
0.24222055 3.83174608 8.79266235 9.39172730 
-3.33223129 1.90714012 8.79266235 9.39172730 
3.65404847 1.17850692 8.79266235 9.39172730 
3.14419419 -2.20340456 8.79266235 9.39172730 
3.61067006 -1.30537754 8.79266235 9.39172730 
-3.83307055 0.22027020 8.79266235 9.39172730 
